"value"
10.0061
10.0073
10.0075
10.0068
10.0064
10.0064
10.0062
10.0064
10.006
10.0062
10.0071
10.0061
10.0089
10.0074
10.0063
10.0063
10.0065
10.0061
10.0061
10.0061
10.0064
10.0071
10.0061
10.0061
10.0101
10.0061
10.0063
10.0061
10.0065
10.0068
10.0063
10.0062
10.0064
10.0061
10.008
10.0079
10.0061
10.0064
10.0069
10.0067
10.0063
10.0064
10.0062
10.0065
10.0061
10.0066
10.0061
10.0064
10.0061
10.0061
10.0061
10.006
10.0066
10.007
10.0062
10.006
10.0061
10.0067
10.0062
10.0091
10.0068
10.0065
10.0069
10.0062
10.0068
10.0063
10.0067
10.0077
10.0065
10.009
10.0064
10.0072
10.0076
10.0068
10.0069
10.0063
10.0062
10.0065
10.0065
10.0071
10.006
10.0061
10.0066
10.0072
10.0076
10.0075
10.0061
10.0066
10.0065
10.0064
10.0069
10.008
10.0064
10.0073
10.0068
10.0065
10.0062
10.0084
10.0062
10.006
