"value"
10.00686
10.00696
10.00704
10.00683
10.00703
10.007
10.00701
10.00717
10.00682
10.00719
10.00689
10.00683
10.00689
10.00704
10.00702
10.00695
10.00686
10.0069
10.00718
10.00703
10.00691
10.00686
10.00697
10.00675
10.00693
10.00689
10.00717
10.00715
10.00699
10.00683
10.00714
10.00713
10.00711
10.00711
10.00695
10.00711
10.0072
10.00701
10.00685
10.00712
10.00712
10.00695
10.00725
10.00688
10.00705
10.00666
10.00698
10.00717
10.00693
10.00687
10.00711
10.00688
10.00704
10.00674
10.00679
10.00693
10.00684
10.0072
10.00714
10.00688
10.00709
10.00714
10.00704
10.00705
10.00718
10.00693
10.00694
10.00714
10.00681
10.00703
10.007
10.00707
10.00715
10.00704
10.00703
10.00711
10.00718
10.00706
10.00685
10.00698
10.00726
10.00695
10.0071
10.00718
10.00712
10.007
10.00703
10.00687
10.00707
10.00687
10.00687
10.00685
10.0069
10.00716
10.00694
10.00699
10.00693
10.00708
10.00714
10.00697
