"value"
10.00787
10.00783
10.00801
10.00756
10.00808
10.00781
10.00751
10.00761
10.00776
10.00775
10.00741
10.00786
10.00767
10.00778
10.00783
10.00798
10.00785
10.00792
10.00763
10.00769
10.00781
10.00776
10.0076
10.00756
10.00772
10.00786
10.0078
10.00758
10.00764
10.00764
10.00747
10.00769
10.00775
10.00789
10.008
10.00776
10.00803
10.00776
10.00796
10.00797
10.00776
10.00752
10.00774
10.00772
10.00806
10.00778
10.00783
10.008
10.00781
10.00756
10.00766
10.00802
10.00772
10.0077
10.00784
10.0079
10.00775
10.00761
10.00789
10.00792
10.00768
10.00789
10.00743
10.0075
10.00801
10.00787
10.00768
10.00804
10.00769
10.00751
10.00778
10.00758
10.00782
10.00749
10.00783
10.00776
10.00778
10.00787
10.00765
10.00779
10.00792
10.0078
10.00771
10.00772
10.00776
10.00762
10.0077
10.00758
10.00763
10.00795
10.00771
10.00784
10.0078
10.00776
10.00792
10.00767
10.00798
10.00774
10.00775
10.00744
