"value"
10.00757
10.0065
10.00758
10.00688
10.0075
10.00815
10.00722
10.00745
10.00767
10.00761
10.00747
10.00704
10.00636
10.0073
10.00715
10.0073
10.0088
10.0081
10.00766
10.00805
10.00666
10.00832
10.00795
10.00809
10.0079
10.00803
10.00712
10.00827
10.0066
10.00764
10.00836
10.00767
10.00699
10.00743
10.00721
10.00741
10.00733
10.00747
10.00777
10.00785
10.00813
10.00734
10.00709
10.00801
10.00793
10.00784
10.00773
10.00678
10.00741
10.00667
10.00686
10.00768
10.00693
10.00712
10.00741
10.00762
10.00779
10.00672
10.0066
10.00723
10.00836
10.00753
10.00829
10.00778
10.0071
10.00747
10.0078
10.00758
10.00666
10.00771
10.00734
10.00664
10.00707
10.00752
10.00762
10.00773
10.0071
10.008
10.00789
10.00718
10.00728
10.00748
10.00678
10.0065
10.0088
10.00762
10.0074
10.00849
10.00799
10.00771
10.00719
10.0077
10.00745
10.00675
10.0073
10.00708
10.00644
10.00791
10.00763
10.00804
