"value"
10.00775
10.00669
10.0072
10.00735
10.00722
10.00694
10.00783
10.00695
10.00811
10.00697
10.00772
10.00826
10.00624
10.00685
10.00693
10.00735
10.00684
10.00554
10.00566
10.00773
10.00683
10.00602
10.00691
10.00767
10.00804
10.00676
10.00686
10.00603
10.00725
10.00665
10.00725
10.00739
10.00757
10.00667
10.00728
10.00606
10.00657
10.00653
10.00567
10.00702
10.00711
10.0068
10.00742
10.0066
10.00625
10.00724
10.00655
10.00779
10.00676
10.00736
10.00718
10.00657
10.00787
10.00735
10.00705
10.00715
10.00737
10.00705
10.00535
10.00716
10.0068
10.0071
10.00732
10.00777
10.0066
10.00772
10.00718
10.00757
10.00751
10.0074
10.00643
10.00695
10.00734
10.00648
10.0067
10.00732
10.00742
10.00726
10.00651
10.0064
10.00783
10.00714
10.00705
10.00693
10.00634
10.00734
10.00688
10.0069
10.00751
10.00745
10.00777
10.00674
10.00736
10.00777
10.00639
10.00653
10.00638
10.0062
10.00704
10.00736
